Tract ID,STATE2KX,CNTY2KX,TRACT2KX,Age Group,nq(x),l(x),nd(x),nL(x),T(x),e(x),se(nq(x)),se(e(x))
51660000101,51,660,000101,Under 1,0.019041,100000,1904,98286,7527481,75.3,0.0088,1.8965
51660000101,51,660,000101,1-4,0.000924,98096,91,392203,7429194,75.7,0.0002,1.8063
51660000101,51,660,000101,5-14,0.001052,98005,103,979538,7036992,71.8,0.0002,1.8079
51660000101,51,660,000101,15-24,0.002302,97902,225,977895,6057454,61.9,0.0023,1.8097
51660000101,51,660,000101,25-34,0.007137,97677,697,973283,5079559,52,0.0033,1.8091
51660000101,51,660,000101,35-44,0.021757,96980,2110,959247,4106276,42.3,0.0084,1.8154
51660000101,51,660,000101,45-54,0.030282,94870,2873,934333,3147029,33.2,0.0093,1.8263
51660000101,51,660,000101,55-64,0.119435,91997,10988,865031,2212695,24.1,0.0286,1.8624
51660000101,51,660,000101,65-74,0.252738,81009,20474,707722,1347665,16.6,0.0619,1.995
51660000101,51,660,000101,75-84,0.452381,60535,27385,468427,639943,10.6,0.148,2.3378
51660000101,51,660,000101,85 and older,1,33150,33150,171516,171516,5.2,0.122,3.2657
51660000102,51,660,000102,Under 1,0.003812,100000,381,99657,8092336,80.9,0.001,1.5062
51660000102,51,660,000102,1-4,0.000605,99619,60,398355,7992679,80.2,0.0001,1.5097
51660000102,51,660,000102,5-14,0.000694,99559,69,995240,7594324,76.3,0.0001,1.5105
51660000102,51,660,000102,15-24,0.004753,99489,473,992530,6599084,66.3,0.0007,1.5116
51660000102,51,660,000102,25-34,0.006375,99017,631,987010,5606554,56.6,0.0008,1.5182
51660000102,51,660,000102,35-44,0.008682,98385,854,979583,4619544,47,0.0015,1.5274
51660000102,51,660,000102,45-54,0.023446,97531,2287,963879,3639960,37.3,0.0033,1.5394
51660000102,51,660,000102,55-64,0.05579,95245,5314,925877,2676081,28.1,0.0066,1.5723
51660000102,51,660,000102,65-74,0.128421,89931,11549,841564,1750204,19.5,0.0209,1.6563
51660000102,51,660,000102,75-84,0.359597,78382,28186,642890,908640,11.6,0.0703,1.8582
51660000102,51,660,000102,85 and older,1,50196,50196,265750,265750,5.3,0.0953,2.6725
51660000203,51,660,000203,Under 1,0.004507,100000,451,99594,8012976,80.1,0.0015,3.048
51660000203,51,660,000203,1-4,0.000691,99549,69,398060,7913382,79.5,0.0002,3.0593
51660000203,51,660,000203,5-14,0.000818,99481,81,994399,7515322,75.5,0.0002,3.0613
51660000203,51,660,000203,15-24,0.005985,99399,595,991017,6520923,65.6,0.0008,3.0638
51660000203,51,660,000203,25-34,0.013841,98804,1368,981205,5529906,56,0.0101,3.0818
51660000203,51,660,000203,35-44,0.020647,97437,2012,964308,4548702,46.7,0.0123,3.0799
51660000203,51,660,000203,45-54,0.010071,95425,961,949445,3584393,37.6,0.0102,3.0993
51660000203,51,660,000203,55-64,0.049505,94464,4676,921258,2634949,27.9,0.0255,3.1124
51660000203,51,660,000203,65-74,0.073394,89788,6590,864926,1713691,19.1,0.0387,3.21
51660000203,51,660,000203,75-84,0.302198,83198,25142,706266,848765,10.2,0.106,3.4056
51660000203,51,660,000203,85 and older,1,58055,58055,142500,142500,2.5,0.788,4.7473
51660000204,51,660,000204,Under 1,0.00389,100000,389,99650,7771802,77.7,0.0013,1.291
51660000204,51,660,000204,1-4,0.000626,99611,62,398319,7672152,77,0.0002,1.2919
51660000204,51,660,000204,5-14,0.000675,99549,67,995151,7273833,73.1,0.0001,1.2926
51660000204,51,660,000204,15-24,0.001144,99482,114,994246,6278682,63.1,0.0012,1.2935
51660000204,51,660,000204,25-34,0.003709,99368,369,991834,5284435,53.2,0.0038,1.2931
51660000204,51,660,000204,35-44,0.018175,98999,1799,980995,4292601,43.4,0.0086,1.2851
51660000204,51,660,000204,45-54,0.052817,97200,5134,946329,3311606,34.1,0.0209,1.2631
51660000204,51,660,000204,55-64,0.089877,92066,8275,879287,2365277,25.7,0.0236,1.1488
51660000204,51,660,000204,65-74,0.175,83791,14663,764597,1485990,17.7,0.0457,1.1158
51660000204,51,660,000204,75-84,0.417881,69128,28887,546843,721393,10.4,0.0867,1.0478
51660000204,51,660,000204,85 and older,1,40241,40241,174550,174550,4.3,0.0607,1.1419
51660000301,51,660,000301,Under 1,0.009956,100000,996,99104,8291462,82.9,0.0078,2.3254
51660000301,51,660,000301,1-4,0.000648,99004,64,395889,8192358,82.7,0.0002,2.254
51660000301,51,660,000301,5-14,0.00073,98940,72,989041,7796469,78.8,0.0001,2.2554
51660000301,51,660,000301,15-24,0.003191,98868,315,987103,6807428,68.9,0.0033,2.2571
51660000301,51,660,000301,25-34,0.00356,98553,351,983771,5820325,59.1,0.0036,2.2544
51660000301,51,660,000301,35-44,0.014663,98202,1440,974818,4836554,49.3,0.0077,2.254
51660000301,51,660,000301,45-54,0.027888,96762,2699,954125,3861736,39.9,0.0111,2.2608
51660000301,51,660,000301,55-64,0.069822,94063,6568,907794,2907611,30.9,0.0179,2.2892
51660000301,51,660,000301,65-74,0.094595,87496,8277,833573,1999816,22.9,0.0277,2.4023
51660000301,51,660,000301,75-84,0.39239,79219,31085,636766,1166243,14.7,0.087,2.5839
51660000301,51,660,000301,85 and older,1,48134,48134,529477,529477,11,0.0296,3.5823
51660000302,51,660,000302,Under 1,0.016457,100000,1646,98519,7823640,78.2,0.0112,1.7156
51660000302,51,660,000302,1-4,0.000875,98354,86,393245,7725121,78.5,0.0002,1.4899
51660000302,51,660,000302,5-14,0.000883,98268,87,982248,7331876,74.6,0.0001,1.4911
51660000302,51,660,000302,15-24,0.006777,98181,665,978487,6349627,64.7,0.001,1.4924
51660000302,51,660,000302,25-34,0.005816,97516,567,972325,5371140,55.1,0.003,1.5014
51660000302,51,660,000302,35-44,0.005114,96949,496,967010,4398816,45.4,0.0037,1.5026
51660000302,51,660,000302,45-54,0.0256,96453,2469,952185,3431805,35.6,0.0098,1.5029
51660000302,51,660,000302,55-64,0.112214,93984,10546,887108,2479620,26.4,0.0253,1.5097
51660000302,51,660,000302,65-74,0.175719,83438,14662,761068,1592513,19.1,0.0392,1.5564
51660000302,51,660,000302,75-84,0.418169,68776,28760,543961,831444,12.1,0.0778,1.7043
51660000302,51,660,000302,85 and older,1,40016,40016,287484,287484,7.2,0.0472,2.4342
51660000401,51,660,000401,Under 1,0.00371,100000,371,99666,8264903,82.6,0.0037,1.1811
51660000401,51,660,000401,1-4,0.000937,99629,93,398329,8165237,82,0.0003,1.1438
51660000401,51,660,000401,5-14,0.001009,99536,100,994854,7766907,78,0.0002,1.1446
51660000401,51,660,000401,15-24,0.004485,99435,446,992122,6772053,68.1,0.0032,1.1456
51660000401,51,660,000401,25-34,0.009425,98989,933,985228,5779931,58.4,0.0016,1.1325
51660000401,51,660,000401,35-44,0.008584,98056,842,976354,4794703,48.9,0.0063,1.1399
51660000401,51,660,000401,45-54,0.025924,97215,2520,959545,3818349,39.3,0.0138,1.1153
51660000401,51,660,000401,55-64,0.039481,94694,3739,928251,2858804,30.2,0.0158,1.0308
51660000401,51,660,000401,65-74,0.121639,90956,11064,854239,1930552,21.2,0.0301,0.9832
51660000401,51,660,000401,75-84,0.321429,79892,25680,670523,1076313,13.5,0.0444,0.9226
51660000401,51,660,000401,85 and older,1,54212,54212,405790,405790,7.5,0.0194,1.0869
51660000402,51,660,000402,Under 1,0.001338,100000,134,99880,8085180,80.9,0.0014,1.7128
51660000402,51,660,000402,1-4,0.001528,99866,153,399159,7985301,80,0.0016,1.7116
51660000402,51,660,000402,5-14,0.000912,99714,91,996681,7586141,76.1,0.0002,1.71
51660000402,51,660,000402,15-24,0.002869,99623,286,994798,6589460,66.1,0.0021,1.7115
51660000402,51,660,000402,25-34,0.007102,99337,706,989841,5594663,56.3,0.003,1.7116
51660000402,51,660,000402,35-44,0.016716,98631,1649,978070,4604822,46.7,0.0063,1.7169
51660000402,51,660,000402,45-54,0.037657,96983,3652,951566,3626752,37.4,0.0097,1.7246
51660000402,51,660,000402,55-64,0.069901,93331,6524,900686,2675187,28.7,0.0146,1.7598
51660000402,51,660,000402,65-74,0.116183,86807,10085,817639,1774501,20.4,0.0263,1.8496
51660000402,51,660,000402,75-84,0.388548,76721,29810,618162,956862,12.5,0.0885,2.0271
51660000402,51,660,000402,85 and older,1,46911,46911,338700,338700,7.2,0.0538,2.8037
