Tract ID,STATE2KX,CNTY2KX,TRACT2KX,Age Group,nq(x),l(x),nd(x),nL(x),T(x),e(x),se(nq(x)),se(e(x))
51117930101,51,117,930101,Under 1,0.021681,100000,2168,98049,7818905,78.2,0.0126,2.8916
51117930101,51,117,930101,1-4,0.00908,97832,888,389551,7720856,78.9,0.0068,2.7705
51117930101,51,117,930101,5-14,0.0019,96944,184,968515,7331305,75.6,0.0003,2.7444
51117930101,51,117,930101,15-24,0.011762,96759,1138,961904,6362790,65.8,0.002,2.7495
51117930101,51,117,930101,25-34,0.02287,95621,2187,945279,5400887,56.5,0.0118,2.7794
51117930101,51,117,930101,35-44,0.008344,93434,780,930447,4455608,47.7,0.006,2.7727
51117930101,51,117,930101,45-54,0.032328,92655,2995,911572,3525161,38,0.0111,2.784
51117930101,51,117,930101,55-64,0.107789,89660,9664,848274,2613589,29.2,0.0222,2.8504
51117930101,51,117,930101,65-74,0.171053,79995,13683,731536,1765315,22.1,0.0356,3.1226
51117930101,51,117,930101,75-84,0.434381,66312,28805,519096,1033779,15.6,0.0957,3.6617
51117930101,51,117,930101,85 and older,1,37507,37507,514683,514683,13.7,0.03,5.6454
51117930102,51,117,930102,Under 1,0.004108,100000,411,99630,7850272,78.5,0.0042,2.0541
51117930102,51,117,930102,1-4,0.00177,99589,176,398004,7750641,77.8,0.0006,2.0355
51117930102,51,117,930102,5-14,0.001587,99413,158,993341,7352637,74,0.0004,2.0385
51117930102,51,117,930102,15-24,0.009872,99255,980,987653,6359296,64.1,0.0022,2.0416
51117930102,51,117,930102,25-34,0.013387,98275,1316,976176,5371643,54.7,0.0097,2.0578
51117930102,51,117,930102,35-44,0.031201,96960,3025,954472,4395467,45.3,0.0169,2.026
51117930102,51,117,930102,45-54,0.048216,93935,4529,916700,3440996,36.6,0.0137,1.961
51117930102,51,117,930102,55-64,0.084656,89405,7569,856210,2524296,28.2,0.0198,2.0037
51117930102,51,117,930102,65-74,0.197028,81837,16124,737746,1668086,20.4,0.0327,2.1188
51117930102,51,117,930102,75-84,0.364257,65713,23936,537444,930340,14.2,0.0582,2.5211
51117930102,51,117,930102,85 and older,1,41776,41776,392896,392896,9.4,0.0423,3.7402
51117930200,51,117,930200,Under 1,0.029061,100000,2906,97385,7369328,73.7,0.0168,1.6907
51117930200,51,117,930200,1-4,0.005499,97094,534,387308,7271944,74.9,0.0041,1.1481
51117930200,51,117,930200,5-14,0.001945,96560,188,964662,6884636,71.3,0.002,1.1144
51117930200,51,117,930200,15-24,0.008357,96372,805,959696,5919974,61.4,0.0049,1.1089
51117930200,51,117,930200,25-34,0.010593,95567,1012,950608,4960278,51.9,0.0049,1.0817
51117930200,51,117,930200,35-44,0.037787,94555,3573,927681,4009670,42.4,0.0113,1.0675
51117930200,51,117,930200,45-54,0.056673,90982,5156,884036,3081989,33.9,0.0114,1.0103
51117930200,51,117,930200,55-64,0.095747,85825,8218,817167,2197953,25.6,0.0161,1.0057
51117930200,51,117,930200,65-74,0.183711,77608,14257,704793,1380785,17.8,0.027,1.0359
51117930200,51,117,930200,75-84,0.499453,63351,31641,475302,675993,10.7,0.067,1.1588
51117930200,51,117,930200,85 and older,1,31710,31710,200690,200690,6.3,0.0437,1.7497
51117930300,51,117,930300,Under 1,0.007878,100000,788,99291,7591610,75.9,0.003,1.4774
51117930300,51,117,930300,1-4,0.001473,99212,146,396557,7492319,75.5,0.0005,1.4713
51117930300,51,117,930300,5-14,0.001909,99066,189,989715,7095763,71.6,0.0005,1.473
51117930300,51,117,930300,15-24,0.019711,98877,1949,979024,6106048,61.8,0.0118,1.4754
51117930300,51,117,930300,25-34,0.010176,96928,986,964348,5127024,52.9,0.006,1.3337
51117930300,51,117,930300,35-44,0.008507,95942,816,955335,4162676,43.4,0.0061,1.3154
51117930300,51,117,930300,45-54,0.056875,95125,5410,924203,3207341,33.7,0.0149,1.3051
51117930300,51,117,930300,55-64,0.113971,89715,10225,846027,2283138,25.4,0.0232,1.2978
51117930300,51,117,930300,65-74,0.203406,79490,16169,714059,1437112,18.1,0.0377,1.3345
51117930300,51,117,930300,75-84,0.414428,63321,26242,502004,723053,11.4,0.0767,1.4836
51117930300,51,117,930300,85 and older,1,37079,37079,221049,221049,6,0.0588,2.088
51117930400,51,117,930400,Under 1,0.019233,100000,1923,98269,7476812,74.8,0.0076,1.2966
51117930400,51,117,930400,1-4,0.001968,98077,193,391921,7378542,75.2,0.0003,1.1813
51117930400,51,117,930400,5-14,0.002124,97884,208,977798,6986622,71.4,0.0003,1.1834
51117930400,51,117,930400,15-24,0.015206,97676,1485,969332,6008824,61.5,0.0055,1.1858
51117930400,51,117,930400,25-34,0.022065,96191,2122,951293,5039492,52.4,0.0102,1.1601
51117930400,51,117,930400,35-44,0.017498,94068,1646,932451,4088199,43.5,0.0065,1.0725
51117930400,51,117,930400,45-54,0.069756,92422,6447,891986,3155748,34.1,0.0143,1.0603
51117930400,51,117,930400,55-64,0.093458,85975,8035,819576,2263762,26.3,0.0153,1.0337
51117930400,51,117,930400,65-74,0.212034,77940,16526,696771,1444186,18.5,0.0314,1.0692
51117930400,51,117,930400,75-84,0.41507,61414,25491,486685,747416,12.2,0.0564,1.1718
51117930400,51,117,930400,85 and older,1,35923,35923,260731,260731,7.3,0.0307,1.6172
51117930500,51,117,930500,Under 1,0.010689,100000,1069,99038,7754905,77.5,0.011,2.7158
51117930500,51,117,930500,1-4,0.001846,98931,183,395359,7655867,77.4,0.0006,2.6045
51117930500,51,117,930500,5-14,0.001846,98748,182,986573,7260508,73.5,0.0004,2.6089
51117930500,51,117,930500,15-24,0.017316,98566,1707,977128,6273935,63.7,0.0126,2.6135
51117930500,51,117,930500,25-34,0.031104,96859,3013,953530,5296807,54.7,0.0227,2.5476
51117930500,51,117,930500,35-44,0.027298,93847,2562,925658,4343277,46.3,0.0163,2.34
51117930500,51,117,930500,45-54,0.078652,91285,7180,876950,3417619,37.4,0.0226,2.2981
51117930500,51,117,930500,55-64,0.09596,84105,8071,800698,2540668,30.2,0.023,2.3402
51117930500,51,117,930500,65-74,0.134454,76034,10223,709229,1739970,22.9,0.026,2.4897
51117930500,51,117,930500,75-84,0.384205,65811,25285,531688,1030741,15.7,0.0755,2.8087
51117930500,51,117,930500,85 and older,1,40526,40526,499053,499053,12.3,0.0266,4.0366
51117930700,51,117,930700,Under 1,0.00894,100000,894,99195,7728899,77.3,0.0038,1.7675
51117930700,51,117,930700,1-4,0.001789,99106,177,396069,7629704,77,0.0006,1.7585
51117930700,51,117,930700,5-14,0.001905,98929,188,988345,7233634,73.1,0.0005,1.7611
51117930700,51,117,930700,15-24,0.016964,98740,1675,979028,6245289,63.2,0.0123,1.7641
51117930700,51,117,930700,25-34,0.017613,97065,1710,962105,5266262,54.3,0.0045,1.6329
51117930700,51,117,930700,35-44,0.027701,95356,2641,940350,4304157,45.1,0.0147,1.6463
51117930700,51,117,930700,45-54,0.057193,92714,5303,900630,3363807,36.3,0.0176,1.5742
51117930700,51,117,930700,55-64,0.075857,87412,6631,840963,2463177,28.2,0.0156,1.5501
51117930700,51,117,930700,65-74,0.172757,80781,13956,738032,1622214,20.1,0.0282,1.6232
51117930700,51,117,930700,75-84,0.358402,66825,23950,548502,884183,13.2,0.0597,1.8613
51117930700,51,117,930700,85 and older,1,42875,42875,335680,335680,7.8,0.0431,2.644
51117930800,51,117,930800,Under 1,0.003751,100000,375,99662,7508693,75.1,0.0038,1.423
51117930800,51,117,930800,1-4,0.001789,99625,178,398143,7409031,74.4,0.0004,1.3994
51117930800,51,117,930800,5-14,0.004951,99447,492,992005,7010888,70.5,0.005,1.4016
51117930800,51,117,930800,15-24,0.009009,98954,891,985087,6018882,60.8,0.0065,1.3689
51117930800,51,117,930800,25-34,0.004537,98063,445,978404,5033796,51.3,0.0046,1.3316
51117930800,51,117,930800,35-44,0.050336,97618,4914,951612,4055391,41.5,0.018,1.3205
51117930800,51,117,930800,45-54,0.065378,92704,6061,896739,3103780,33.5,0.0154,1.1836
51117930800,51,117,930800,55-64,0.127544,86643,11051,811181,2207041,25.5,0.0203,1.1626
51117930800,51,117,930800,65-74,0.220666,75593,16681,672523,1395860,18.5,0.031,1.2158
51117930800,51,117,930800,75-84,0.420483,58912,24771,465262,723337,12.3,0.0519,1.4
51117930800,51,117,930800,85 and older,1,34140,34140,258075,258075,7.6,0.0374,2.1379
