Tract ID,STATE2KX,CNTY2KX,TRACT2KX,Age Group,nq(x),l(x),nd(x),nL(x),T(x),e(x),se(nq(x)),se(e(x))
51067020101,51,067,020101,Under 1,0.005968,100000,597,99463,7900427,79,0.0023,1.3271
51067020101,51,067,020101,1-4,0.001097,99403,109,397395,7800964,78.5,0.0004,1.3226
51067020101,51,067,020101,5-14,0.00112,99294,111,992385,7403570,74.6,0.0003,1.3236
51067020101,51,067,020101,15-24,0.008403,99183,833,987662,6411184,64.6,0.0086,1.3249
51067020101,51,067,020101,25-34,0.019782,98349,1946,973767,5423522,55.1,0.0145,1.2297
51067020101,51,067,020101,35-44,0.027149,96404,2617,950952,4449755,46.2,0.0097,0.9988
51067020101,51,067,020101,45-54,0.034836,93787,3267,921530,3498803,37.3,0.0096,0.9362
51067020101,51,067,020101,55-64,0.038368,90519,3473,887829,2577273,28.5,0.0078,0.911
51067020101,51,067,020101,65-74,0.092915,87046,8088,830024,1689443,19.4,0.0129,0.9264
51067020101,51,067,020101,75-84,0.2744,78958,21666,681254,859419,10.9,0.0415,0.996
51067020101,51,067,020101,85 and older,1,57292,57292,178165,178165,3.1,0.1336,1.292
51067020102,51,067,020102,Under 1,0.006554,100000,655,99410,7895509,79,0.0021,1.3528
51067020102,51,067,020102,1-4,0.001194,99345,119,397141,7796098,78.5,0.0004,1.3519
51067020102,51,067,020102,5-14,0.001207,99226,120,991661,7398957,74.6,0.0003,1.3532
51067020102,51,067,020102,15-24,0.006693,99106,663,987745,6407296,64.7,0.0069,1.3547
51067020102,51,067,020102,25-34,0.014652,98443,1442,977217,5419551,55.1,0.0108,1.2985
51067020102,51,067,020102,35-44,0.015662,97000,1519,962409,4442334,45.8,0.0113,1.1944
51067020102,51,067,020102,45-54,0.041131,95481,3927,935177,3479925,36.4,0.0159,1.116
51067020102,51,067,020102,55-64,0.0416,91554,3809,896497,2544749,27.8,0.0121,1.0297
51067020102,51,067,020102,65-74,0.073548,87745,6454,845186,1648252,18.8,0.015,1.0313
51067020102,51,067,020102,75-84,0.378788,81292,30792,658957,803065,9.9,0.0722,1.0867
51067020102,51,067,020102,85 and older,1,50500,50500,144108,144108,2.9,0.1832,1.4922
51067020200,51,067,020200,Under 1,0.009514,100000,951,99144,7706116,77.1,0.0059,1.4532
51067020200,51,067,020200,1-4,0.001604,99049,159,395877,7606973,76.8,0.0004,1.3925
51067020200,51,067,020200,5-14,0.001773,98890,175,988020,7211096,72.9,0.0003,1.3944
51067020200,51,067,020200,15-24,0.008062,98714,796,983164,6223076,63,0.0048,1.3968
51067020200,51,067,020200,25-34,0.008097,97918,793,975220,5239912,53.5,0.0049,1.3795
51067020200,51,067,020200,35-44,0.028386,97126,2757,957471,4264692,43.9,0.0082,1.3697
51067020200,51,067,020200,45-54,0.071698,94369,6766,909856,3307221,35,0.0135,1.3687
51067020200,51,067,020200,55-64,0.06754,87603,5917,846442,2397365,27.4,0.014,1.3975
51067020200,51,067,020200,65-74,0.19212,81686,15693,738391,1550923,19,0.0357,1.4547
51067020200,51,067,020200,75-84,0.4,65992,26397,527939,812531,12.3,0.0713,1.6297
51067020200,51,067,020200,85 and older,1,39595,39595,284592,284592,7.2,0.0445,2.2974
51067020300,51,067,020300,Under 1,0.005968,100000,597,99463,7613029,76.1,0.0009,1.1392
51067020300,51,067,020300,1-4,0.001832,99403,182,397249,7513566,75.6,0.0019,1.144
51067020300,51,067,020300,5-14,0.002452,99221,243,990995,7116318,71.7,0.0025,1.1379
51067020300,51,067,020300,15-24,0.017694,98978,1751,981022,6125323,61.9,0.0077,1.1286
51067020300,51,067,020300,25-34,0.026906,97227,2616,959186,5144300,52.9,0.0098,1.0561
51067020300,51,067,020300,35-44,0.014445,94611,1367,939273,4185114,44.2,0.0057,0.9645
51067020300,51,067,020300,45-54,0.046704,93244,4355,910665,3245841,34.8,0.0104,0.9512
51067020300,51,067,020300,55-64,0.070227,88889,6242,857679,2335176,26.3,0.0116,0.9373
51067020300,51,067,020300,65-74,0.108047,82647,8930,781819,1477497,17.9,0.016,0.9669
51067020300,51,067,020300,75-84,0.460139,73717,33920,567570,695678,9.4,0.0752,1.0526
51067020300,51,067,020300,85 and older,1,39797,39797,128108,128108,3.2,0.1523,1.5778
51067020400,51,067,020400,Under 1,0.007338,100000,734,99340,7869055,78.7,0.0054,1.3652
51067020400,51,067,020400,1-4,0.001627,99266,161,396742,7769716,78.3,0.0004,1.3063
51067020400,51,067,020400,5-14,0.001472,99105,146,990318,7372974,74.4,0.0003,1.308
51067020400,51,067,020400,15-24,0.00511,98959,506,987060,6382655,64.5,0.0037,1.3098
51067020400,51,067,020400,25-34,0.007722,98453,760,980731,5395595,54.8,0.0046,1.2978
51067020400,51,067,020400,35-44,0.029428,97693,2875,962555,4414864,45.2,0.0096,1.2874
51067020400,51,067,020400,45-54,0.046408,94818,4400,926179,3452309,36.4,0.0109,1.2617
51067020400,51,067,020400,55-64,0.061811,90418,5589,876233,2526130,27.9,0.0121,1.2683
51067020400,51,067,020400,65-74,0.17016,84829,14435,776117,1649896,19.4,0.0294,1.3145
51067020400,51,067,020400,75-84,0.297872,70394,20969,599101,873780,12.4,0.0567,1.4593
51067020400,51,067,020400,85 and older,1,49426,49426,274678,274678,5.6,0.0614,1.8954
51067020500,51,067,020500,Under 1,0.006453,100000,645,99419,7741620,77.4,0.0019,1.0096
51067020500,51,067,020500,1-4,0.001323,99355,131,397156,7642201,76.9,0.0003,1.0047
51067020500,51,067,020500,5-14,0.001318,99223,131,991579,7245045,73,0.0002,1.0058
51067020500,51,067,020500,15-24,0.008613,99092,854,986657,6253467,63.1,0.001,1.007
51067020500,51,067,020500,25-34,0.012979,98239,1275,976014,5266810,53.6,0.0019,1.014
51067020500,51,067,020500,35-44,0.02114,96964,2050,959390,4290795,44.3,0.0021,1.0231
51067020500,51,067,020500,45-54,0.045786,94914,4346,927412,3331405,35.1,0.0036,1.0415
51067020500,51,067,020500,55-64,0.087568,90568,7931,866029,2403993,26.5,0.0081,1.0849
51067020500,51,067,020500,65-74,0.177216,82637,14645,753151,1537964,18.6,0.0189,1.1704
51067020500,51,067,020500,75-84,0.398332,67993,27084,544509,784813,11.5,0.0468,1.3707
51067020500,51,067,020500,85 and older,1,40909,40909,240304,240304,5.9,0.0613,2.1155
51067020600,51,067,020600,Under 1,0.00404,100000,404,99636,7817933,78.2,0.0041,1.7215
51067020600,51,067,020600,1-4,0.001887,99596,188,398008,7718296,77.5,0.001,1.6988
51067020600,51,067,020600,5-14,0.001826,99408,181,993172,7320288,73.6,0.0003,1.7004
51067020600,51,067,020600,15-24,0.002408,99226,239,991070,6327116,63.8,0.0017,1.7033
51067020600,51,067,020600,25-34,0.026643,98988,2637,976689,5336046,53.9,0.0161,1.7045
51067020600,51,067,020600,35-44,0.018854,96350,1817,954419,4359357,45.2,0.0087,1.542
51067020600,51,067,020600,45-54,0.033198,94534,3138,929645,3404938,36,0.0118,1.5293
51067020600,51,067,020600,55-64,0.068766,91395,6285,882529,2475293,27.1,0.0178,1.5329
51067020600,51,067,020600,65-74,0.150872,85110,12841,786901,1592764,18.7,0.0305,1.5827
51067020600,51,067,020600,75-84,0.319865,72270,23117,607114,805863,11.2,0.0743,1.7715
51067020600,51,067,020600,85 and older,1,49153,49153,198749,198749,4,0.1474,2.4101
51067020700,51,067,020700,Under 1,0.051864,100000,5186,95332,7127186,71.3,0.0496,3.918
51067020700,51,067,020700,1-4,0.004531,94814,430,378395,7031853,74.2,0.0046,1.2759
51067020700,51,067,020700,5-14,0.001826,94384,172,942979,6653458,70.5,0.0003,1.2368
51067020700,51,067,020700,15-24,0.011011,94212,1037,936930,5710479,60.6,0.0016,1.2389
51067020700,51,067,020700,25-34,0.01634,93174,1522,924131,4773549,51.2,0.0065,1.2494
51067020700,51,067,020700,35-44,0.037853,91652,3469,899172,3849418,42,0.0122,1.2311
51067020700,51,067,020700,45-54,0.040105,88183,3537,864143,2950246,33.5,0.0086,1.1837
51067020700,51,067,020700,55-64,0.124939,84646,10576,793583,2086103,24.6,0.0225,1.2045
51067020700,51,067,020700,65-74,0.213545,74070,15817,661618,1292520,17.4,0.0435,1.2493
51067020700,51,067,020700,75-84,0.307992,58253,17942,492824,630902,10.8,0.0574,1.326
51067020700,51,067,020700,85 and older,1,40312,40312,138079,138079,3.4,0.1521,1.7843
51067020800,51,067,020800,Under 1,0.011686,100000,1169,98948,7522046,75.2,0.0051,1.186
51067020800,51,067,020800,1-4,0.001266,98831,125,395075,7423097,75.1,0.0003,1.1354
51067020800,51,067,020800,5-14,0.002469,98706,244,985844,7028022,71.2,0.0025,1.1367
51067020800,51,067,020800,15-24,0.004834,98463,476,982245,6042178,61.4,0.0035,1.1273
51067020800,51,067,020800,25-34,0.006334,97987,621,976762,5059933,51.6,0.0033,1.1152
51067020800,51,067,020800,35-44,0.03456,97366,3365,956834,4083172,41.9,0.0097,1.1117
51067020800,51,067,020800,45-54,0.050203,94001,4719,916413,3126338,33.3,0.0111,1.0861
51067020800,51,067,020800,55-64,0.141162,89282,12603,829802,2209925,24.8,0.0227,1.0898
51067020800,51,067,020800,65-74,0.251541,76679,19288,670347,1380123,18,0.0407,1.1135
51067020800,51,067,020800,75-84,0.376799,57391,21625,465784,709776,12.4,0.0545,1.1487
51067020800,51,067,020800,85 and older,1,35766,35766,243992,243992,6.8,0.0328,1.526
51067020900,51,067,020900,Under 1,0.003867,100000,387,99652,7612929,76.1,0.0029,1.5187
51067020900,51,067,020900,1-4,0.001331,99613,133,398188,7513277,75.4,0.0013,1.5087
51067020900,51,067,020900,5-14,0.001312,99481,131,994154,7115089,71.5,0.0013,1.5075
51067020900,51,067,020900,15-24,0.01091,99350,1084,988082,6120935,61.6,0.0051,1.5069
51067020900,51,067,020900,25-34,0.0103,98266,1012,977601,5132854,52.2,0.0041,1.4948
51067020900,51,067,020900,35-44,0.028831,97254,2804,958521,4155252,42.7,0.0088,1.4974
51067020900,51,067,020900,45-54,0.057096,94450,5393,917537,3196731,33.8,0.0113,1.5014
51067020900,51,067,020900,55-64,0.106572,89057,9491,843119,2279194,25.6,0.0168,1.5496
51067020900,51,067,020900,65-74,0.181452,79566,14437,723476,1436075,18,0.0306,1.6794
51067020900,51,067,020900,75-84,0.469388,65129,30571,498436,712599,10.9,0.0935,1.9631
51067020900,51,067,020900,85 and older,1,34558,34558,214163,214163,6.2,0.0815,3.1299
