Tract ID,STATE2KX,CNTY2KX,TRACT2KX,Age Group,nq(x),l(x),nd(x),nL(x),T(x),e(x),se(nq(x)),se(e(x))
51027010100,51,027,010100,Under 1,0.003225,100000,322,99710,7089949,70.9,0.0033,1.3613
51027010100,51,027,010100,1-4,0.00179,99678,178,398353,6990239,70.1,0.0005,1.3453
51027010100,51,027,010100,5-14,0.002804,99499,279,993596,6591886,66.3,0.0028,1.3473
51027010100,51,027,010100,15-24,0.009527,99220,945,987475,5598290,56.4,0.0056,1.3399
51027010100,51,027,010100,25-34,0.016402,98275,1612,974689,4610815,46.9,0.007,1.3202
51027010100,51,027,010100,35-44,0.076594,96663,7404,929610,3636126,37.6,0.0151,1.3077
51027010100,51,027,010100,45-54,0.101466,89259,9057,847308,2706516,30.3,0.0183,1.2932
51027010100,51,027,010100,55-64,0.111008,80202,8903,757508,1859208,23.2,0.0189,1.3204
51027010100,51,027,010100,65-74,0.365462,71299,26057,582707,1101700,15.5,0.0571,1.4205
51027010100,51,027,010100,75-84,0.511425,45242,23138,336731,518993,11.5,0.0897,1.6783
51027010100,51,027,010100,85 and older,1,22104,22104,182262,182262,8.2,0.0357,2.4252
51027010200,51,027,010200,Under 1,0.00647,100000,647,99418,7464585,74.6,0.0067,1.7246
51027010200,51,027,010200,1-4,0.001796,99353,178,397055,7365167,74.1,0.0006,1.661
51027010200,51,027,010200,5-14,0.004268,99174,423,989629,6968112,70.3,0.0043,1.6635
51027010200,51,027,010200,15-24,0.010215,98751,1009,982469,5978484,60.5,0.0074,1.6463
51027010200,51,027,010200,25-34,0.019704,97743,1926,967795,4996015,51.1,0.0103,1.6097
51027010200,51,027,010200,35-44,0.02448,95817,2346,946438,4028220,42,0.0104,1.5655
51027010200,51,027,010200,45-54,0.062333,93471,5826,905578,3081782,33,0.0153,1.553
51027010200,51,027,010200,55-64,0.132069,87645,11575,818571,2176204,24.8,0.0251,1.5835
51027010200,51,027,010200,65-74,0.238793,76070,18165,669871,1357633,17.8,0.0408,1.7003
51027010200,51,027,010200,75-84,0.287687,57905,16658,495754,687762,11.9,0.0576,2.0426
51027010200,51,027,010200,85 and older,1,41246,41246,192008,192008,4.7,0.1273,2.7592
51027010300,51,027,010300,Under 1,0.008129,100000,813,99268,7809786,78.1,0.0061,2.1207
51027010300,51,027,010300,1-4,0.00502,99187,498,395752,7710517,77.7,0.0053,2.0823
51027010300,51,027,010300,5-14,0.001666,98689,164,986069,7314765,74.1,0.0003,2.0534
51027010300,51,027,010300,15-24,0.007567,98525,746,981520,6328695,64.2,0.0055,2.0568
51027010300,51,027,010300,25-34,0.021962,97779,2147,967055,5347176,54.7,0.0136,2.0462
51027010300,51,027,010300,35-44,0.023574,95632,2254,945046,4380121,45.8,0.011,1.97
51027010300,51,027,010300,45-54,0.057841,93377,5401,906769,3435075,36.8,0.0148,1.9623
51027010300,51,027,010300,55-64,0.073314,87976,6450,847514,2528307,28.7,0.0148,2.0139
51027010300,51,027,010300,65-74,0.168666,81526,13751,746511,1680793,20.6,0.0314,2.1341
51027010300,51,027,010300,75-84,0.368852,67776,24999,552761,934281,13.8,0.0861,2.4671
51027010300,51,027,010300,85 and older,1,42777,42777,381520,381520,8.9,0.043,3.4174
51027010400,51,027,010400,Under 1,0.006857,100000,686,99383,7428055,74.3,0.0024,1.6318
51027010400,51,027,010400,1-4,0.001685,99314,167,396923,7328672,73.8,0.0007,1.6328
51027010400,51,027,010400,5-14,0.001448,99147,144,990752,6931749,69.9,0.0003,1.6347
51027010400,51,027,010400,15-24,0.011148,99003,1104,984516,5940997,60,0.0081,1.6369
51027010400,51,027,010400,25-34,0.017792,97900,1742,970288,4956481,50.6,0.0031,1.5913
51027010400,51,027,010400,35-44,0.025304,96158,2433,949413,3986193,41.5,0.0119,1.6137
51027010400,51,027,010400,45-54,0.038037,93725,3565,919422,3036779,32.4,0.0128,1.5914
51027010400,51,027,010400,55-64,0.146025,90160,13166,835769,2117357,23.5,0.0332,1.6103
51027010400,51,027,010400,65-74,0.219328,76994,16887,685507,1281588,16.6,0.0504,1.6873
51027010400,51,027,010400,75-84,0.52879,60107,31784,442151,596081,9.9,0.1191,1.9351
51027010400,51,027,010400,85 and older,1,28323,28323,153930,153930,5.4,0.1066,3.1475
51027010500,51,027,010500,Under 1,0.007717,100000,772,99305,7625249,76.3,0.0022,3.2004
51027010500,51,027,010500,1-4,0.001796,99228,178,396557,7525943,75.8,0.0005,3.2208
51027010500,51,027,010500,5-14,0.001666,99050,165,989676,7129386,72,0.0003,3.2263
51027010500,51,027,010500,15-24,0.025543,98885,2526,976221,6139711,62.1,0.0185,3.2317
51027010500,51,027,010500,25-34,0.021459,96359,2068,953254,5163489,53.6,0.0155,3.1237
51027010500,51,027,010500,35-44,0.025381,94291,2393,930949,4210236,44.7,0.0182,3.0942
51027010500,51,027,010500,45-54,0.079313,91898,7289,882539,3279287,35.7,0.0243,3.0823
51027010500,51,027,010500,55-64,0.101229,84610,8565,803271,2396748,28.3,0.0285,3.2305
51027010500,51,027,010500,65-74,0.16119,76045,12258,699158,1593477,21,0.0364,3.4985
51027010500,51,027,010500,75-84,0.306122,63787,19527,540236,894319,14,0.0697,4.0882
51027010500,51,027,010500,85 and older,1,44260,44260,354083,354083,8,0.0898,5.7452
51027010600,51,027,010600,Under 1,0.009089,100000,909,99182,7295191,73,0.004,1.2288
51027010600,51,027,010600,1-4,0.001948,99091,193,395978,7196009,72.6,0.0007,1.2035
51027010600,51,027,010600,5-14,0.001769,98898,175,988106,6800031,68.8,0.0004,1.2049
51027010600,51,027,010600,15-24,0.012256,98723,1210,981181,5811925,58.9,0.0019,1.2068
51027010600,51,027,010600,25-34,0.021082,97513,2056,964853,4830744,49.5,0.0023,1.2172
51027010600,51,027,010600,35-44,0.034614,95457,3304,938053,3865891,40.5,0.0043,1.239
51027010600,51,027,010600,45-54,0.075615,92153,6968,886692,2927837,31.8,0.0076,1.2731
51027010600,51,027,010600,55-64,0.138446,85185,11794,792883,2041145,24,0.0157,1.3565
51027010600,51,027,010600,65-74,0.24381,73392,17894,644448,1248262,17,0.0278,1.5224
51027010600,51,027,010600,75-84,0.454856,55498,25244,428762,603814,10.9,0.0696,1.9266
51027010600,51,027,010600,85 and older,1,30254,30254,175053,175053,5.8,0.0972,3.2547
51027010700,51,027,010700,Under 1,0.013037,100000,1304,98827,7207233,72.1,0.0079,1.9018
51027010700,51,027,010700,1-4,0.004221,98696,417,393952,7108406,72,0.0043,1.8355
51027010700,51,027,010700,5-14,0.006601,98280,649,979554,6714454,68.3,0.0048,1.818
51027010700,51,027,010700,15-24,0.027482,97631,2683,962895,5734900,58.7,0.0103,1.8045
51027010700,51,027,010700,25-34,0.023502,94948,2231,938322,4772006,50.3,0.0101,1.76
51027010700,51,027,010700,35-44,0.056159,92716,5207,901131,3833684,41.3,0.0162,1.737
51027010700,51,027,010700,45-54,0.082759,87510,7242,838885,2932553,33.5,0.016,1.717
51027010700,51,027,010700,55-64,0.12884,80267,10342,750966,2093668,26.1,0.0218,1.7918
51027010700,51,027,010700,65-74,0.160109,69926,11196,643279,1342701,19.2,0.0267,1.9659
51027010700,51,027,010700,75-84,0.482625,58730,28345,445577,699422,11.9,0.0809,2.2782
51027010700,51,027,010700,85 and older,1,30385,30385,253845,253845,8.4,0.0555,3.8765
